---
source: src/polynomial_fields.rs
assertion_line: 330
expression: out
---
- "X:0.90000000"
- "Y:0.33203125"
- "Z:0.77480916"
- "W:0.27985075"
- "V:0.64074074"
- "U:0.37681159"
- "T:0.24642857"
- "S:0.97872340"
- "R:0.74657534"
- "Q:0.01633987"
