---
source: src/polynomial_fields.rs
assertion_line: 300
expression: out
---
- "X:0.18800000"
- "Y:0.86718750"
- "Z:0.29007634"
- "W:0.51119403"
- "V:0.84444444"
- "U:0.61231884"
- "T:0.14642857"
