---
source: src/polynomial_fields.rs
assertion_line: 310
expression: out
---
- "X:0.10000000"
- "Y:0.35156250"
- "Z:0.12595420"
- "W:0.21268657"
- "V:0.36666667"
- "U:0.09057971"
- "T:0.21071429"
- "S:0.69148936"
