---
source: src/polynomial_fields.rs
assertion_line: 280
expression: out
---
- "X:0.12400000"
- "Y:0.31250000"
- "Z:0.03053435"
- "W:0.29850746"
- "V:0.01111111"
