---
source: src/polynomial_fields.rs
assertion_line: 320
expression: out
---
- "X:0.45600000"
- "Y:0.12109375"
- "Z:0.53053435"
- "W:0.75746269"
- "V:0.57407407"
- "U:0.52898551"
- "T:0.64285714"
- "S:0.67375887"
- "R:0.00342466"
